9 11 14 16 18 19 21 22 27 30 32 34 36 38 41 42 50 57 63 66 67 71 73 78 79 86 89 91 95 96 
2 4 6 11 12 13 23 28 31 33 34 35 36 41 46 56 58 59 60 68 75 78 80 81 84 85 90 92 97 
1 5 13 15 19 20 24 26 28 31 32 34 38 39 40 42 45 47 50 55 56 57 65 66 74 87 
10 13 17 18 22 28 40 43 45 47 49 63 64 70 77 79 84 86 88 95 98 99 
1 7 9 11 13 19 21 27 34 36 39 40 48 52 57 64 65 69 82 83 84 86 
2 10 12 14 19 20 29 32 33 37 38 39 42 52 53 70 73 74 76 77 84 85 86 87 90 98 
1 7 9 16 18 31 36 44 45 49 52 55 61 65 69 74 75 77 78 79 81 86 89 96 
4 6 21 23 25 26 27 36 41 43 46 47 52 53 54 55 58 60 63 64 69 70 71 81 91 92 93 94 95 97 98 
17 18 21 23 31 39 47 49 51 52 54 56 60 62 67 72 78 79 95 
0 4 6 10 11 20 21 24 27 29 31 37 38 41 47 48 49 52 53 54 55 56 57 60 61 69 72 75 76 77 80 87 90 92 94 98 
3 5 9 12 20 24 34 39 40 41 45 48 49 54 55 64 65 66 68 79 80 82 86 87 89 92 98 99 
0 1 4 9 15 22 29 34 36 42 47 48 50 53 54 55 56 57 58 60 61 62 67 68 70 71 72 73 75 76 82 85 88 90 93 96 99 
1 5 10 14 16 22 30 38 39 40 41 43 45 46 53 60 62 67 68 69 71 73 74 78 83 84 88 89 99 
1 2 3 4 18 22 28 30 31 41 43 45 47 49 56 58 60 63 68 72 79 88 96 97 98 
0 5 12 17 20 21 29 31 34 37 42 43 51 54 58 59 68 73 79 80 81 82 87 91 97 98 
2 11 16 17 21 30 32 36 42 44 46 50 52 54 56 58 61 68 72 75 76 86 87 88 89 93 96 
0 6 12 15 19 22 27 28 32 34 35 37 39 43 44 45 46 47 54 56 59 63 69 71 73 79 82 85 89 98 
3 8 14 15 29 35 43 44 51 53 54 57 67 71 74 78 83 86 87 88 89 91 97 99 
0 3 6 8 13 19 25 27 28 30 33 38 41 43 44 46 52 68 70 73 76 78 79 83 85 87 88 92 98 99 
0 2 4 5 16 18 21 22 23 25 28 29 30 31 32 37 43 45 47 48 50 53 59 63 69 70 77 79 81 82 84 88 90 94 98 
2 5 9 10 14 21 28 29 31 34 37 40 41 42 44 45 49 51 52 54 59 63 72 74 75 76 77 78 91 96 99 
0 4 7 8 9 14 15 19 20 24 28 37 38 40 41 42 50 55 59 60 61 62 63 66 68 70 72 76 94 
0 3 11 12 13 16 19 26 31 37 44 46 48 49 50 51 54 56 64 66 67 70 72 77 79 83 84 85 86 87 88 89 90 91 92 93 96 97 
1 7 8 19 27 33 34 35 38 40 41 43 44 54 66 69 71 73 76 80 81 88 89 90 94 99 
2 9 10 21 26 28 30 35 39 40 44 51 60 61 63 65 66 69 70 74 79 80 92 93 98 99 
7 18 19 26 35 40 42 44 45 48 56 62 67 76 77 78 79 80 82 88 90 91 92 99 
2 7 22 24 25 28 29 34 41 50 52 57 58 61 65 68 70 72 73 74 80 81 82 88 94 98 
0 4 7 9 16 18 23 32 34 40 41 43 44 47 57 59 62 63 66 71 73 74 77 83 84 87 88 89 92 95 96 
1 2 3 13 16 18 19 20 21 24 26 32 33 36 37 38 39 43 50 56 60 68 71 72 73 80 90 
5 9 11 14 17 19 20 26 36 37 40 42 44 46 47 52 55 58 66 67 68 69 70 71 73 74 77 81 82 87 93 97 98 
0 12 13 15 18 19 24 37 38 49 50 53 56 66 69 73 89 
1 2 6 8 9 13 14 19 20 22 32 38 45 46 47 55 56 60 71 72 73 74 80 85 87 97 98 
0 2 5 15 16 19 27 28 31 46 47 51 57 58 59 60 61 62 65 66 81 83 87 88 93 96 
1 5 18 23 28 34 37 39 41 44 46 48 50 58 60 62 67 70 72 74 76 85 86 87 91 94 98 
0 1 2 4 10 11 14 16 20 23 26 27 33 36 37 38 39 45 52 58 62 68 69 71 78 80 83 84 85 94 95 97 
1 16 17 23 24 25 36 37 42 43 44 47 51 56 57 58 59 60 64 67 68 69 73 74 78 80 82 92 93 97 98 
0 1 4 6 7 11 15 28 29 34 35 41 44 45 46 57 59 61 62 63 64 66 67 75 76 79 80 85 87 94 
5 9 14 16 19 20 21 22 28 29 30 33 34 35 42 50 54 57 58 60 62 63 65 66 67 71 74 75 79 82 84 95 98 
0 2 5 9 12 18 21 23 28 30 31 34 40 42 45 47 50 53 55 58 59 61 66 68 69 70 74 75 77 84 86 90 97 98 99 
2 4 5 8 10 12 16 24 28 33 34 43 47 54 61 63 64 66 68 74 75 76 80 83 86 87 93 94 96 
2 3 4 10 12 20 21 23 24 25 27 29 38 44 46 47 52 57 61 65 68 73 75 78 88 90 92 97 98 
0 1 7 9 10 12 13 18 20 21 23 26 27 33 36 42 43 47 52 56 61 64 65 67 68 70 72 75 80 86 88 90 
0 2 5 11 14 15 20 21 25 29 35 37 38 41 44 47 52 54 57 58 65 68 70 75 76 87 88 93 96 
3 7 12 13 14 16 17 18 19 23 27 28 35 39 41 48 51 52 59 60 71 75 76 80 84 85 95 98 
6 15 16 17 18 20 22 23 24 25 27 29 33 35 36 40 42 46 47 49 54 55 57 58 59 61 68 69 74 78 81 87 94 96 
2 3 6 10 12 13 16 19 20 25 31 34 36 38 46 50 51 52 56 58 65 66 67 72 76 77 83 84 85 91 96 97 
1 7 12 15 16 18 22 29 31 32 33 36 40 44 45 47 49 53 59 60 61 75 79 80 81 84 86 88 93 94 95 97 
2 3 7 8 9 11 13 16 19 27 29 31 32 35 38 39 40 41 42 44 46 48 55 57 58 59 66 70 71 74 77 81 84 86 87 90 96 99 
4 9 10 11 19 22 25 33 43 47 49 50 56 59 61 65 67 77 78 80 83 84 85 86 99 
3 6 8 9 10 13 20 22 30 44 46 48 52 53 55 59 60 67 74 76 77 79 80 81 82 83 88 89 90 91 92 93 95 
0 2 11 15 19 21 22 26 28 30 33 37 38 45 48 54 55 61 62 63 65 69 70 71 74 76 80 81 82 85 87 89 96 99 
8 14 17 20 22 24 32 35 43 45 54 57 60 62 64 69 72 73 75 78 84 85 91 94 98 99 
4 5 6 7 8 9 15 18 20 26 29 34 40 41 42 43 45 49 55 58 64 65 66 67 73 74 75 76 84 87 97 99 
5 7 9 11 12 17 19 30 38 46 49 55 56 65 67 69 80 84 85 90 94 98 
7 8 9 10 11 14 15 16 17 20 22 23 37 39 42 44 50 51 56 57 59 71 80 81 82 83 85 94 96 
2 6 7 9 10 11 21 29 31 38 44 47 49 50 52 53 56 58 59 63 69 73 74 81 90 95 96 97 98 99 
1 2 8 9 11 13 15 16 22 25 28 30 31 35 41 45 48 53 54 55 59 60 72 73 76 77 87 89 91 96 
0 2 4 9 11 17 26 27 32 35 36 37 40 42 44 47 51 54 59 60 61 76 81 84 88 89 90 94 95 
1 7 11 13 14 15 26 29 32 33 34 35 37 38 42 44 45 47 52 55 60 61 64 72 74 76 77 78 85 87 91 96 97 
1 14 16 19 20 21 27 32 35 36 38 43 44 46 47 48 49 54 55 56 57 61 64 67 72 81 82 85 87 88 90 91 95 
1 7 8 9 11 12 13 21 24 28 31 32 33 35 37 43 46 49 51 56 57 58 61 64 69 71 72 73 75 77 85 87 92 98 99 
6 9 11 15 21 24 26 32 36 38 39 40 41 44 46 48 50 57 58 59 60 65 66 71 79 86 87 93 96 97 
8 11 12 21 25 27 32 33 34 36 37 50 51 65 72 74 78 80 83 85 88 90 91 93 94 95 
0 3 7 13 16 19 20 21 24 27 36 37 39 50 55 65 70 71 74 75 76 77 78 79 81 84 85 86 87 90 91 94 95 
3 4 7 10 22 35 36 39 41 51 52 58 59 60 77 84 86 88 90 92 96 98 
2 4 6 10 24 26 32 37 40 41 42 45 48 50 52 53 61 62 63 70 71 75 77 81 91 93 99 
0 2 10 21 22 23 24 27 29 30 32 36 37 38 39 45 47 52 61 72 75 82 88 90 91 92 
0 8 11 12 17 22 25 29 33 35 36 37 41 45 48 49 52 53 59 74 78 82 97 99 
1 10 11 12 13 14 15 18 21 26 28 29 34 35 38 39 40 41 42 44 79 85 87 91 94 98 
4 6 7 9 12 16 19 23 24 29 30 34 35 38 44 50 51 53 55 60 72 73 81 85 88 91 92 95 98 
3 5 7 11 18 19 21 22 24 26 29 33 38 41 42 47 50 63 65 71 77 79 80 86 88 89 91 94 96 97 
0 7 11 12 16 17 23 27 28 29 31 34 37 43 47 50 54 60 61 63 65 70 72 76 77 78 79 81 87 90 93 96 97 
8 9 11 13 15 20 21 22 26 28 31 33 41 45 51 56 58 59 60 62 66 69 71 73 78 79 80 81 82 83 89 90 91 95 99 
0 5 11 12 14 16 18 23 26 27 28 29 30 31 35 40 51 52 55 56 60 69 72 75 76 84 85 86 87 88 93 94 
2 5 6 12 17 20 24 26 27 29 31 33 35 37 38 39 44 47 49 50 52 55 58 62 63 67 78 81 82 83 86 87 94 
1 6 9 11 15 20 36 37 38 39 40 41 42 43 46 51 52 60 63 65 66 73 77 84 85 86 87 91 92 97 
5 9 11 15 18 20 21 23 25 33 36 39 42 43 45 49 50 52 56 57 58 63 71 73 78 83 86 94 98 
3 5 6 9 19 20 22 25 27 29 38 45 47 48 49 56 58 60 63 64 65 70 71 75 79 80 83 85 86 91 92 94 95 
0 1 6 8 12 17 18 20 25 34 35 40 44 48 51 58 62 63 67 71 72 74 76 80 87 88 89 90 94 98 
0 3 6 8 10 13 14 16 18 19 22 24 25 36 37 46 49 61 63 68 70 71 72 77 81 89 90 97 99 
1 9 10 14 23 24 25 26 28 31 34 35 36 39 41 43 46 48 49 50 53 54 62 70 72 77 78 82 83 90 
1 6 7 14 19 23 26 29 32 44 46 47 49 50 54 55 57 59 63 65 69 71 72 74 79 87 88 89 90 93 95 97 98 
4 10 11 14 16 19 25 26 29 35 37 49 50 54 59 66 67 72 74 80 84 87 90 95 
4 12 17 18 22 27 32 34 39 45 48 49 54 62 72 74 76 77 80 87 88 89 93 94 98 99 
1 3 4 5 12 19 22 27 34 37 38 43 45 46 47 48 51 52 53 57 63 64 73 75 82 85 88 89 91 92 98 
1 5 11 16 18 22 31 33 34 36 43 45 48 50 51 53 54 58 59 60 62 63 68 69 73 75 77 84 88 95 96 
0 3 4 5 6 10 15 17 22 33 38 39 41 46 47 48 61 63 64 70 73 74 75 76 77 92 93 99 
2 5 9 10 14 15 17 18 22 27 29 31 32 33 36 39 42 44 47 50 52 56 58 59 60 61 63 68 71 73 74 75 78 81 82 83 93 97 
3 11 12 13 15 17 18 19 22 23 25 26 27 32 40 41 42 46 49 57 59 62 64 66 69 70 73 78 81 83 84 85 96 
0 6 10 12 15 16 17 22 23 27 30 49 50 56 57 70 72 78 79 81 83 84 90 97 99 
1 5 9 11 19 22 23 25 28 38 40 41 47 49 53 55 57 59 62 63 64 66 71 72 78 79 80 81 82 89 94 95 96 
0 7 14 17 20 22 25 33 45 49 51 56 58 59 62 63 65 66 68 69 70 72 75 77 84 94 95 96 98 
1 7 9 10 18 22 24 25 27 35 40 49 60 64 66 69 75 77 84 86 93 94 96 
7 11 15 22 24 29 32 35 39 42 46 49 61 62 65 71 73 81 83 86 87 92 96 99 
7 9 19 21 23 26 33 34 36 39 44 46 51 53 54 57 62 63 68 70 73 74 76 77 78 83 90 91 92 95 96 
0 3 7 8 27 34 37 43 46 49 55 57 59 62 63 69 72 77 81 82 85 90 91 94 97 99 
0 6 11 13 15 20 22 27 32 39 42 44 45 47 50 54 55 56 58 61 64 70 71 85 88 90 91 92 93 94 
1 7 13 14 17 22 29 31 34 35 38 40 45 46 52 55 58 61 67 70 71 75 79 81 87 89 95 98 99 
3 5 7 9 10 13 14 16 18 19 24 26 29 31 33 35 37 38 40 43 51 53 55 60 64 68 69 76 78 81 83 84 91 97 
3 10 11 12 17 18 20 23 24 25 38 47 48 50 51 52 55 60 65 67 72 79 83 86 89 93 95 97 
